#Point
1	0	0
-1	0	0
0	1	0
0	-1	0
0.998795	0.0490677	0
0.995185	0.0980171	0
0.989177	0.14673	0
0.980785	0.19509	0
0.970031	0.24298	0
0.95694	0.290285	0
0.941544	0.33689	0
0.92388	0.382683	0
0.903989	0.427555	0
0.881921	0.471397	0
0.857729	0.514103	0
0.83147	0.55557	0
0.803208	0.595699	0
0.77301	0.634393	0
0.740951	0.671559	0
0.707107	0.707107	0
0.671559	0.740951	0
0.634393	0.77301	0
0.595699	0.803208	0
0.55557	0.83147	0
0.514103	0.857729	0
0.471397	0.881921	0
0.427555	0.903989	0
0.382683	0.92388	0
0.33689	0.941544	0
0.290285	0.95694	0
0.24298	0.970031	0
0.19509	0.980785	0
0.14673	0.989177	0
0.0980171	0.995185	0
0.0490677	0.998795	0
-0.0490677	0.998795	0
-0.0980171	0.995185	0
-0.14673	0.989177	0
-0.19509	0.980785	0
-0.24298	0.970031	0
-0.290285	0.95694	0
-0.33689	0.941544	0
-0.382683	0.92388	0
-0.427555	0.903989	0
-0.471397	0.881921	0
-0.514103	0.857729	0
-0.55557	0.83147	0
-0.595699	0.803208	0
-0.634393	0.77301	0
-0.671559	0.740951	0
-0.707107	0.707107	0
-0.740951	0.671559	0
-0.77301	0.634393	0
-0.803208	0.595699	0
-0.83147	0.55557	0
-0.857729	0.514103	0
-0.881921	0.471397	0
-0.903989	0.427555	0
-0.92388	0.382683	0
-0.941544	0.33689	0
-0.95694	0.290285	0
-0.970031	0.24298	0
-0.980785	0.19509	0
-0.989177	0.14673	0
-0.995185	0.0980171	0
-0.998795	0.0490677	0
-0.998795	-0.0490677	0
-0.995185	-0.0980171	0
-0.989177	-0.14673	0
-0.980785	-0.19509	0
-0.970031	-0.24298	0
-0.95694	-0.290285	0
-0.941544	-0.33689	0
-0.92388	-0.382683	0
-0.903989	-0.427555	0
-0.881921	-0.471397	0
-0.857729	-0.514103	0
-0.83147	-0.55557	0
-0.803208	-0.595699	0
-0.77301	-0.634393	0
-0.740951	-0.671559	0
-0.707107	-0.707107	0
-0.671559	-0.740951	0
-0.634393	-0.77301	0
-0.595699	-0.803208	0
-0.55557	-0.83147	0
-0.514103	-0.857729	0
-0.471397	-0.881921	0
-0.427555	-0.903989	0
-0.382683	-0.92388	0
-0.33689	-0.941544	0
-0.290285	-0.95694	0
-0.24298	-0.970031	0
-0.19509	-0.980785	0
-0.14673	-0.989177	0
-0.0980171	-0.995185	0
-0.0490677	-0.998795	0
0.0490677	-0.998795	0
0.0980171	-0.995185	0
0.14673	-0.989177	0
0.19509	-0.980785	0
0.24298	-0.970031	0
0.290285	-0.95694	0
0.33689	-0.941544	0
0.382683	-0.92388	0
0.427555	-0.903989	0
0.471397	-0.881921	0
0.514103	-0.857729	0
0.55557	-0.83147	0
0.595699	-0.803208	0
0.634393	-0.77301	0
0.671559	-0.740951	0
0.707107	-0.707107	0
0.740951	-0.671559	0
0.77301	-0.634393	0
0.803208	-0.595699	0
0.83147	-0.55557	0
0.857729	-0.514103	0
0.881921	-0.471397	0
0.903989	-0.427555	0
0.92388	-0.382683	0
0.941544	-0.33689	0
0.95694	-0.290285	0
0.970031	-0.24298	0
0.980785	-0.19509	0
0.989177	-0.14673	0
0.995185	-0.0980171	0
0.998795	-0.0490677	0
0.122238	-0.0344191	0
0.685984	0.163425	0
-0.174248	0.626932	0
0.826865	-0.253459	0
-0.651476	0.104024	0
-0.847051	-0.230241	0
0.803897	0.0569	0
-0.771933	0.0363645	0
0.0560893	0.826867	0
0.860823	-0.15386	0
0.0243443	0.867944	0
-0.0614661	-0.859252	0
-0.828964	0.0384104	0
0.85929	0.0362816	0
0.422577	-0.380361	0
-0.525792	-0.483809	0
-0.505686	0.421509	0
0.521391	0.698699	0
0.563424	-0.667766	0
-0.631185	0.64117	0
-0.721967	-0.537873	0
0.732231	0.542436	0
0.709517	-0.509575	0
-0.0912683	0.324873	0
0.230206	0.739679	0
-0.76675	0.511218	0
0.34571	-0.70548	0
-0.452258	0.713923	0
-0.717976	-0.371834	0
0.742479	0.354394	0
0.800028	-0.346641	0
0.387124	0.808855	0
-0.799783	0.330329	0
0.296291	-0.795993	0
-0.374502	-0.747974	0
-0.302695	0.771641	0
-0.820581	-0.279348	0
0.839483	0.247348	0
0.297698	0.827633	0
-0.79179	0.152854	0
0.207424	-0.851408	0
0.817031	0.151589	0
0.20932	0.856703	0
-0.212728	-0.816836	0
0.893245	0.233791	0
0.068655	0.87404	0
-0.0900301	-0.815142	0
0.891709	0.177411	0
-0.860334	0.182317	0
0.95499	-0.164983	0
-0.822856	-0.457271	0
0.828603	-0.466931	0
-0.946256	-0.165881	0
0.361119	-0.847891	0
-0.892225	-0.355376	0
0.710621	-0.193798	0
-0.702728	-0.201916	0
0.877616	-0.378326	0
0.915629	-0.268288	0
0.267028	-0.90351	0
-0.839739	-0.00660292	0
0.917682	-0.051209	0
-0.903537	-0.307919	0
0.882118	0.0847468	0
0.905946	-0.326353	0
-0.0596116	0.748005	0
0.841608	-0.20763	0
0.00838848	0.673517	0
0.756523	0.0785042	0
-0.743445	-0.00781407	0
-0.850097	-0.177205	0
-0.0204763	0.851055	0
-0.209131	-0.269144	0
0.0666304	0.587933	0
-0.316464	-0.471481	0
0.0328627	-0.244553	0
-0.105986	-0.0535944	0
0.106075	0.39635	0
0.236245	0.165012	0
0.255991	-0.212515	0
-0.411949	0.181959	0
0.193572	-0.426102	0
-0.437727	-0.288647	0
0.611469	0.465879	0
-0.0465288	0.509199	0
-0.308048	0.517136	0
0.162919	-0.646765	0
-0.207603	0.145605	0
-0.24729	-0.66263	0
0.491561	-0.568936	0
0.635712	0.335677	0
-0.578718	-0.135893	0
0.439599	0.134425	0
0.475393	0.576822	0
-0.652956	-0.0137276	0
-0.111931	-0.673391	0
-0.275938	0.338245	0
0.607776	-0.278068	0
-0.582761	0.213419	0
0.333472	-0.0209345	0
0.260371	0.578755	0
0.45794	-0.168893	0
0.616999	-0.461193	0
-0.176608	0.466229	0
0.0115711	0.153221	0
0.345146	-0.573981	0
0.386373	0.72096	0
-0.314304	0.689653	0
-0.542388	0.0486131	0
-0.658594	0.474583	0
0.71334	-0.378929	0
-0.687956	0.343099	0
-0.582716	0.570768	0
0.0535145	-0.716371	0
-0.655232	-0.595918	0
-0.543353	-0.678728	0
-0.633967	-0.3216	0
0.619896	-0.133347	0
-0.250722	0.755713	0
0.652842	-0.0245828	0
0.654265	0.634267	0
-0.703978	0.198536	0
0.631496	-0.594617	0
0.265901	-0.74944	0
-0.64595	-0.505762	0
0.318782	0.782824	0
0.703535	0.26601	0
0.60276	0.072564	0
-0.153033	0.741567	0
-0.640812	-0.419186	0
0.447202	-0.814224	0
0.466261	-0.678699	0
-0.127583	0.783275	0
-0.472727	-0.736942	0
0.770487	0.207924	0
-0.00540439	-0.638711	0
-0.0590275	0.84385	0
0.784728	-0.443551	0
-0.470769	-0.830439	0
-0.548104	0.66757	0
0.248581	0.820567	0
0.745385	0.44792	0
0.470075	0.78941	0
-0.756102	0.429713	0
-0.732271	-0.461161	0
-0.792284	0.235945	0
0.828212	-0.0654778	0
0.125679	0.701484	0
-0.848595	0.425748	0
0.195217	-0.798416	0
0.741307	-0.280299	0
-0.377127	-0.84078	0
-0.540661	0.758657	0
-0.301134	-0.866536	0
0.347473	-0.798634	0
0.830842	0.397929	0
-0.84988	0.230542	0
-0.719227	-0.284466	0
0.713275	0.050706	0
0.196233	0.809672	0
-0.842519	0.138354	0
0.72901	-0.106244	0
0.724895	-0.619956	0
0.0280721	-0.758562	0
-0.471877	0.806809	0
0.653077	-0.694263	0
-0.841021	-0.374674	0
-0.787048	-0.232053	0
0.855885	-0.42361	0
-0.395632	0.847886	0
0.758709	0.130435	0
-0.777819	-0.484417	0
0.159085	0.852302	0
-0.08196	0.667553	0
0.804129	-0.177561	0
0.788072	-0.487159	0
0.319063	-0.82837	0
-0.261014	0.878359	0
-0.340157	0.904572	0
-0.160954	-0.948834	0
-0.764147	0.591887	0
-0.900972	0.302846	0
-0.807752	-0.413029	0
-0.0651244	-0.771554	0
-0.806071	-0.184689	0
0.793543	-0.554741	0
-0.732427	-0.628248	0
0.853425	0.19382	0
0.801236	-0.219225	0
0.278355	-0.851587	0
0.242145	0.934362	0
-0.798492	0.0793832	0
-0.778434	-0.0594263	0
0.468506	0.835456	0
0.805337	0.289692	0
-0.391818	0.766398	0
-0.798683	-0.326658	0
0.548766	0.789639	0
0.0380803	0.778504	0
-0.725552	0.0524284	0
0.0386379	-0.875627	0
0.26149	0.878939	0
0.85867	0.153335	0
0.899369	-0.105839	0
0.348345	0.830276	0
0.244257	-0.811369	0
-0.859973	-0.0863496	0
0.817581	0.0101946	0
-0.215303	0.898679	0
0.898226	0.131808	0
0.861984	-0.289249	0
-0.842515	-0.139849	0
-0.827549	0.184787	0
0.911405	0.0102364	0
-0.0479731	-0.817017	0
0.19858	-0.940532	0
0.22587	-0.907102	0
-0.0106416	-0.79305	0
-0.868165	-0.0355199	0
0.569827	-0.769583	0
0.815392	-0.298935	0
-0.227135	0.844043	0
0.806196	0.0980064	0
-0.629809	0.727859	0
-0.826295	-0.0522317	0
0.939814	0.210377	0
0.852414	0.11239	0
0.0996919	-0.948659	0
-0.0213324	0.957484	0
-0.899538	-0.203353	0
0.402955	0.881682	0
0.318515	-0.876692	0
-0.593217	-0.755057	0
0.946526	0.152408	0
-0.151248	0.897169	0
-0.827297	-0.489778	0
0.848621	-0.344744	0
-0.856531	-0.424186	0
0.842508	0.0768268	0
-0.922302	-0.25313	0
-0.798268	-0.0108558	0
-0.0118842	-0.848902	0
-0.855528	-0.320819	0
-0.946718	-0.1193	0
-0.951605	0.178493	0
0.930097	-0.206483	0
0.122091	-0.801614	0
0.923001	-0.152611	0
-0.307502	-0.783916	0
-0.809366	0.511763	0
0.879718	-0.235193	0
0.255359	0.373045	0
-0.141279	-0.371503	0
0.0776267	-0.458995	0
0.321537	0.484324	0
-0.271686	-0.174618	0
0.0625123	-0.57411	0
-0.205647	-0.479712	0
0.304937	0.252977	0
-0.234457	-0.0415531	0
0.0694552	0.25848	0
-0.394683	-0.178068	0
-0.278002	0.0487298	0
-0.0475425	0.0508869	0
0.20541	0.479294	0
0.1096	-0.341074	0
0.168963	-0.538243	0
-0.384555	0.0750945	0
-0.0968794	-0.266657	0
0.555016	0.355278	0
-0.443786	0.285954	0
0.527524	0.439085	0
-0.0408064	-0.151821	0
0.0740526	-0.138989	0
0.175979	0.0664527	0
0.184025	0.268002	0
-0.327731	-0.27607	0
-0.15938	-0.160525	0
-0.476692	-0.104548	0
0.0104041	-0.0446167	0
0.333947	-0.29444	0
0.443709	0.49272	0
0.418329	0.23102	0
0.185584	-0.12638	0
0.523111	-0.321691	0
-0.161646	0.0464876	0
0.145995	-0.230993	0
-0.372588	0.363735	0
-0.26138	-0.375632	0
-0.0989978	0.1445	0
0.00651571	0.34353	0
0.124245	0.162613	0
0.30378	-0.400633	0
0.273756	-0.505608	0
0.377283	0.568935	0
-0.424305	-0.472525	0
-0.383566	0.463182	0
0.282561	0.0664565	0
-0.343689	0.262606	0
0.372682	-0.485226	0
-0.270671	-0.570188	0
-0.375713	-0.37816	0
0.361866	-0.192513	0
0.231513	-0.0272833	0
0.0657566	0.0594979	0
0.439239	-0.263543	0
0.0242534	0.447004	0
0.51045	0.276506	0
0.466758	-0.487154	0
-0.482162	-0.386659	0
-0.143716	0.236176	0
-0.540241	0.292005	0
0.223937	-0.317761	0
0.293381	-0.113061	0
-0.466663	0.00500733	0
0.528783	-0.419395	0
0.107782	0.495899	0
-0.311962	0.159732	0
0.344025	0.153976	0
-0.537077	-0.584256	0
-0.598082	0.361008	0
-0.24432	0.24433	0
-0.058053	0.416922	0
0.254662	-0.601492	0
-0.504201	-0.207892	0
-0.458321	0.515501	0
-0.460788	-0.564803	0
-0.375176	-0.56095	0
0.391661	-0.0996708	0
-0.548021	-0.0407233	0
0.152612	0.568771	0
-0.537605	-0.303747	0
0.531797	-0.228717	0
-0.590894	-0.395445	0
0.381796	0.0626979	0
-0.589079	0.442182	0
-0.0406301	0.242972	0
-0.184468	0.323774	0
-0.478005	0.107129	0
0.184394	0.651356	0
0.597324	-0.37962	0
-0.00112419	0.625855	0
-0.593848	-0.23332	0
-0.298752	0.42934	0
0.249179	-0.695375	0
0.334446	0.646515	0
-0.098567	-0.617057	0
0.568652	0.597839	0
-0.613423	-0.531541	0
-0.135822	0.396395	0
-0.554121	0.133483	0
-0.112228	0.5663	0
-0.502296	0.202702	0
0.42739	-0.0167667	0
-0.244652	0.568803	0
-0.333643	-0.645275	0
-0.382695	0.553908	0
-0.0436057	0.605566	0
0.51781	0.185086	0
0.561149	-0.0618062	0
-0.0398834	-0.607667	0
0.42278	0.640337	0
-0.233148	0.709525	0
0.481152	-0.0871536	0
0.406937	-0.638327	0
-0.318235	0.600139	0
-0.625202	0.282703	0
0.543067	-0.14761	0
-0.17082	-0.68066	0
0.471975	0.0532126	0
0.621655	-0.535216	0
0.600403	-0.027127	0
0.132867	-0.74546	0
-0.628818	-0.0560951	0
-0.678771	-0.118821	0
0.546815	-0.49865	0
0.315026	0.735482	0
0.54229	0.525922	0
0.37977	-0.751182	0
0.0768466	-0.669637	0
-0.495215	-0.656953	0
0.677884	-0.338773	0
0.614616	-0.187963	0
0.613026	0.554376	0
0.690414	-0.281045	0
0.462695	0.709723	0
0.57881	-0.581559	0
-0.127445	0.479054	0
0.624886	0.172951	0
-0.662192	0.218617	0
0.40388	-0.688549	0
-0.329528	-0.703584	0
-0.527715	0.579709	0
0.575001	0.662508	0
0.660674	0.251027	0
-0.682376	-0.253332	0
0.554806	0.0486465	0
-0.453161	-0.693231	0
-0.226209	0.483036	0
0.680351	-0.223244	0
-0.603373	-0.449381	0
0.609908	0.425044	0
-0.712118	0.266717	0
-0.187536	-0.724742	0
-0.668901	0.416083	0
0.182503	-0.753967	0
0.326801	-0.664158	0
0.189161	0.768592	0
-0.291366	-0.748904	0
0.691654	0.473892	0
-0.611467	0.0109438	0
0.524054	-0.744591	0
-0.679779	0.149174	0
-0.635525	0.145324	0
-0.616748	-0.487889	0
-0.756821	0.284683	0
0.433773	-0.768258	0
-0.509826	0.63828	0
-0.616782	-0.635759	0
0.631272	0.0230066	0
0.683516	0.414854	0
0.0296815	0.553427	0
0.672273	0.537753	0
-0.413564	0.696757	0
0.480697	-0.621016	0
0.0460926	0.634542	0
0.668898	-0.546747	0
0.095821	0.629527	0
0.549758	-0.63072	0
-0.620017	0.528585	0
-0.390622	-0.70459	0
0.0751586	0.742187	0
-0.424177	-0.789767	0
0.666859	-0.173898	0
0.699479	-0.443759	0
0.498176	-0.822042	0
-0.691748	-0.66349	0
0.170793	0.684379	0
0.799281	0.437184	0
0.698117	0.216685	0
-0.454553	0.657685	0
-0.769282	0.37792	0
-0.680317	0.531965	0
-0.714153	0.388334	0
0.677616	-0.115002	0
0.659115	0.0658263	0
-0.612134	0.0804778	0
-0.741027	0.337591	0
0.689811	-0.658032	0
-0.646012	0.0462071	0
-0.638448	-0.372467	0
0.0932048	-0.714254	0
-0.156544	0.682464	0
-0.283546	0.723668	0
-0.143886	-0.725482	0
-0.112881	0.698006	0
0.654115	-0.492403	0
-0.641705	0.569444	0
-0.822216	0.382948	0
0.715034	-0.567622	0
0.825101	0.344513	0
-0.378369	0.731296	0
-0.644581	-0.669127	0
0.78283	0.381748	0
-0.101875	0.742005	0
0.735163	0.178596	0
-0.429887	-0.742077	0
-0.677012	-0.349123	0
-0.123715	0.642936	0
-0.230785	-0.754247	0
0.69002	-0.0701763	0
-0.500064	0.68776	0
-0.381409	-0.800301	0
-0.502788	0.73754	0
0.67721	0.306343	0
0.0693938	0.682935	0
-0.722817	-0.149364	0
0.724387	-0.326766	0
-0.708103	0.444387	0
0.680014	0.683156	0
0.651702	0.11929	0
0.64006	-0.0742952	0
0.683785	0.586145	0
-0.342498	-0.812632	0
0.275403	0.757582	0
0.756888	0.280983	0
0.584731	0.710839	0
0.885035	0.3387	0
0.689075	0.358546	0
-0.653273	-0.551029	0
-0.557188	0.617207	0
0.59327	0.756539	0
0.433422	0.750617	0
-0.683958	-0.0709311	0
-0.680005	-0.304131	0
-0.465785	0.762724	0
0.615313	-0.729408	0
0.519627	-0.687109	0
0.352938	0.752813	0
0.725361	-0.238706	0
0.591477	-0.633429	0
0.70684	0.106228	0
-0.333578	0.729325	0
-0.588918	0.702839	0
-0.784106	0.471422	0
0.391113	0.771938	0
0.398316	-0.805374	0
0.62745	0.670022	0
-0.718373	0.498399	0
0.742264	0.233309	0
0.763539	-0.529879	0
0.698754	-0.0248792	0
0.538426	0.747244	0
-0.432599	0.828722	0
0.766016	0.0347555	0
0.136764	0.757403	0
-0.688372	-0.567739	0
0.681243	0.0169133	0
-0.502952	-0.703861	0
0.78908	0.243413	0
-0.26263	-0.847335	0
0.731859	0.400729	0
0.559672	-0.712669	0
-0.428762	0.78672	0
0.723738	0.314936	0
-0.51377	-0.808194	0
-0.343942	0.822784	0
-0.599982	-0.696921	0
-0.69407	0.0228743	0
0.776925	0.515972	0
-0.735304	0.153282	0
0.731383	-0.000527688	0
0.739736	0.49688	0
-0.682024	0.067031	0
-0.76723	0.194303	0
0.638369	-0.64594	0
-0.831333	0.4704	0
0.774078	-0.0874886	0
-0.508435	0.780961	0
-0.0895173	0.774152	0
-0.431207	0.867704	0
0.0243348	0.726873	0
-0.021988	0.716471	0
-0.205308	0.755196	0
-0.76408	-0.395573	0
-0.583738	0.754762	0
-0.544418	0.718902	0
-0.657333	0.613416	0
-0.338817	-0.858184	0
-0.792753	-0.372347	0
-0.608481	0.61061	0
-0.759571	-0.352505	0
-0.321467	-0.911489	0
-0.715534	0.103052	0
-0.841571	0.0885679	0
0.709408	0.632598	0
0.76649	-0.142176	0
-0.102456	0.867196	0
0.785223	-0.390823	0
0.75715	-0.360632	0
-0.730312	-0.41983	0
-0.594423	0.654043	0
0.363206	0.886108	0
0.238138	0.779503	0
0.0796931	-0.76671	0
0.507726	0.778052	0
-0.731146	-0.240098	0
0.677677	-0.606173	0
-0.745705	0.474284	0
-0.727815	-0.584763	0
0.763002	-0.58421	0
0.289947	0.916665	0
0.749713	-0.42018	0
-0.694524	-0.612738	0
-0.0931446	-0.727541	0
-0.391999	0.80447	0
0.43426	0.860832	0
-0.512877	0.820761	0
-0.297813	0.913885	0
0.751004	-0.473238	0
-0.801955	0.425564	0
-0.727756	-0.498651	0
-0.277193	0.821934	0
0.0879179	-0.889524	0
-0.182329	0.802311	0
-0.683323	-0.395744	0
0.3217	-0.751027	0
0.718659	-0.154629	0
-0.752926	-0.193682	0
-0.950156	0.119883	0
0.773506	0.326663	0
0.418959	-0.859627	0
-0.754948	-0.51787	0
0.426191	0.808213	0
-0.893531	0.154703	0
0.780208	0.174097	0
-0.0669448	0.708421	0
-0.420466	-0.849417	0
0.359569	0.789836	0
-0.551926	-0.731142	0
-0.011854	0.760882	0
-0.62961	0.683212	0
0.75808	-0.196655	0
-0.750827	-0.313623	0
-0.268159	-0.798037	0
-0.302981	-0.828803	0
-0.690635	-0.4811	0
-0.267166	-0.907681	0
-0.120088	-0.774601	0
0.735981	-0.0527389	0
-0.787502	0.553371	0
0.907343	0.289069	0
-0.211951	-0.932341	0
0.59914	-0.6812	0
-0.0414048	0.660871	0
0.76934	-0.310699	0
0.722342	0.142515	0
-0.4182	0.742147	0
-0.54986	0.792408	0
-0.0470691	0.795818	0
0.291365	-0.93349	0
0.145733	0.805231	0
-0.854	0.312922	0
-0.718171	-0.33067	0
-0.688743	-0.523947	0
-0.698067	0.626785	0
-0.895755	-0.150852	0
-0.470683	-0.776154	0
-0.356445	0.771312	0
-0.76333	-0.560916	0
0.813229	-0.414889	0
-0.689519	-0.439925	0
-0.174802	-0.772237	0
-0.705079	-0.0275951	0
-0.375254	0.876381	0
-0.378315	-0.883169	0
-0.141314	0.837216	0
-0.870122	0.38557	0
0.0834419	-0.827626	0
-0.23443	0.794481	0
-0.808468	0.117432	0
-0.646894	-0.464453	0
-0.664013	0.656689	0
-0.0915707	0.811517	0
-0.512384	-0.759203	0
-0.554126	-0.782422	0
0.0910626	0.792675	0
-0.472637	0.844856	0
0.316267	0.882378	0
0.811242	-0.517407	0
0.276517	0.794444	0
-0.803491	-0.531648	0
-0.729222	0.593178	0
-0.718825	-0.104464	0
-0.121804	-0.870781	0
-0.336719	-0.766221	0
0.783764	-0.0262376	0
0.815929	-0.123709	0
-0.734316	-0.0622833	0
-0.773531	-0.43876	0
0.808744	0.202692	0
0.81999	-0.380862	0
-0.757099	0.0772715	0
0.864312	-0.0205609	0
-0.0205609	-0.748621	0
0.00778684	0.808866	0
0.777913	-0.25702	0
-0.890908	0.108597	0
-0.769055	-0.279517	0
0.39305	0.847421	0
0.343461	0.355726	0
-0.0876195	-0.438046	0
-0.0303354	-0.416496	0
-0.105472	-0.483869	0
0.382689	0.312223	0
0.0255609	-0.478757	0
-0.120225	-0.538711	0
0.0164369	-0.534961	0
0.482789	0.417037	0
0.200762	0.369588	0
-0.332329	-0.107272	0
0.432966	0.425996	0
-0.390784	-0.122088	0
0.103705	0.310182	0
-0.330074	0.0117337	0
0.499099	0.366998	0
-0.383118	0.0217778	0
0.419762	0.283299	0
0.471676	0.317253	0
0.0306703	-0.433065	0
-0.167554	-0.318135	0
0.237474	0.323135	0
0.175319	0.439894	0
0.151559	0.342283	0
-0.424248	-0.0801105	0
-0.0458681	-0.301977	0
-0.244966	-0.217602	0
-0.201304	-0.376014	0
-0.0841586	-0.38103	0
-0.461526	0.332671	0
-0.124257	-0.211264	0
-0.429864	0.382461	0
0.11796	0.445471	0
0.0160557	-0.32766	0
-0.105363	-0.32614	0
-0.193564	-0.00438937	0
0.0629042	-0.347082	0
0.154862	0.214461	0
0.0656142	-0.295584	0
-0.427168	-0.0170766	0
-0.214838	-0.168233	0
-0.426008	0.438492	0
-0.176984	-0.427844	0
-0.194988	-0.114441	0
0.0683336	0.359835	0
-0.516034	0.332513	0
0.292772	0.526368	0
0.0848704	-0.398386	0
0.124704	-0.499844	0
0.270384	0.213081	0
0.37606	-0.335313	0
0.136981	-0.441901	0
-0.229897	-0.427477	0
-0.151342	-0.262728	0
0.242895	0.267027	0
-0.0768174	-0.000581016	0
0.385702	0.471919	0
-0.294136	-0.325132	0
-0.241421	-0.0909021	0
0.0667784	0.417065	0
0.0409507	0.204991	0
-0.0647123	-0.213979	0
-0.234877	-0.323525	0
-0.181773	-0.535744	0
0.291094	0.412968	0
-0.241718	0.0117238	0
0.29314	0.335685	0
-0.171846	-0.0583337	0
-0.0159742	-0.0976876	0
-0.304433	-0.222573	0
-0.269439	-0.272577	0
-0.022361	-0.250939	0
0.107827	-0.620525	0
-0.00597914	-0.200189	0
0.0678399	-0.517168	0
0.151541	-0.385117	0
0.0944786	0.110905	0
0.233673	0.427111	0
-0.133124	-0.106597	0
-0.099512	-0.156723	0
-0.184497	-0.214961	0
-0.0177591	0.101891	0
0.262688	0.482619	0
0.125286	0.260831	0
-0.0740464	-0.102702	0
0.359432	-0.389948	0
0.446547	-0.440007	0
-0.0469253	-0.0493584	0
0.0375473	0.00788008	0
0.108974	-0.185706	0
0.180112	-0.482825	0
0.476872	-0.347508	0
0.430876	-0.316391	0
0.167854	-0.329623	0
0.483496	-0.402131	0
0.322746	0.569742	0
0.0890357	-0.240134	0
0.184244	-0.275422	0
0.0521279	-0.193184	0
-0.330476	-0.179505	0
0.393263	-0.437667	0
-0.240793	0.0996636	0
-0.471411	0.463895	0
-0.544827	0.378223	0
0.127777	-0.285725	0
-0.0685809	0.193834	0
0.204909	0.115699	0
-0.362142	-0.228785	0
0.326181	0.204868	0
0.0975536	-0.0861782	0
-0.218654	0.0476541	0
0.234724	-0.467444	0
-0.552634	0.426046	0
0.0175165	-0.145687	0
-0.294914	0.107153	0
-0.260737	-0.475341	0
-0.134713	-0.00319904	0
-0.129897	0.0961188	0
-0.319719	-0.375737	0
0.148711	0.0162469	0
0.00960221	0.0550106	0
0.264046	-0.359356	0
0.115544	-0.556971	0
0.29412	-0.254291	0
-0.104132	0.0478353	0
-0.351395	-0.328513	0
0.235147	0.526956	0
0.0678257	0.15825	0
-0.236903	-0.528348	0
-0.519056	0.471557	0
0.249191	-0.413413	0
0.0415703	-0.0921069	0
-0.199826	-0.638833	0
0.153128	-0.0812941	0
-0.174492	0.191678	0
0.212934	0.215449	0
-0.417465	-0.23752	0
0.130816	-0.133012	0
-0.0189692	0.00320587	0
-0.468258	-0.0494832	0
0.161269	-0.593271	0
0.366251	0.253121	0
0.27915	-0.306602	0
0.208631	-0.621237	0
0.0129264	0.249856	0
0.38834	-0.280471	0
0.287272	-0.454496	0
-0.475604	-0.477571	0
0.0671589	-0.0394462	0
0.165285	-0.177936	0
0.180602	0.16485	0
-0.0437295	0.148233	0
-0.347344	0.11729	0
-0.490214	-0.527316	0
-0.504644	-0.434127	0
0.222281	-0.52008	0
0.259392	0.113923	0
-0.0147988	0.29217	0
0.220242	-0.170153	0
0.240752	-0.119993	0
0.177872	-0.0307242	0
-0.291394	-0.521417	0
0.203292	0.0183804	0
0.208515	-0.372202	0
-0.436875	-0.141416	0
-0.384146	-0.282321	0
-0.42672	0.233768	0
0.239809	-0.264858	0
-0.212571	-0.582837	0
0.202072	-0.222141	0
-0.397515	0.129986	0
0.291731	0.160196	0
0.0975573	0.210761	0
0.212481	-0.669592	0
-0.345398	-0.423999	0
0.121404	0.0635744	0
-0.331708	0.061571	0
-0.371294	-0.470936	0
-0.453289	-0.195806	0
0.208712	-0.0760287	0
-0.15297	0.143914	0
-0.424967	0.0371176	0
-0.406538	-0.333161	0
0.319659	-0.347984	0
0.310379	-0.203248	0
0.340178	-0.444264	0
-0.277619	0.202661	0
-0.459225	-0.338897	0
-0.5328	-0.539526	0
0.0386049	0.106539	0
0.353119	0.526174	0
0.0938663	0.0122306	0
0.150372	0.114098	0
-0.185393	0.0966427	0
0.151051	0.486073	0
-0.289161	-0.425309	0
-0.328225	0.211941	0
0.312099	0.11136	0
0.201658	0.569063	0
0.27494	-0.162088	0
-0.378074	0.222695	0
0.230564	0.0666983	0
-0.226481	0.196134	0
-0.344616	-0.517781	0
0.256298	0.0204423	0
-0.429843	-0.381935	0
-0.39477	-0.517243	0
0.214796	0.62255	0
0.379152	0.194404	0
0.261733	-0.0712625	0
-0.0737284	0.098313	0
0.326726	-0.15402	0
0.213439	-0.571884	0
0.464592	0.258247	0
-0.527237	-0.122086	0
0.348512	-0.242317	0
0.178896	0.527917	0
-0.470602	-0.247017	0
-0.490269	-0.157362	0
0.399594	-0.229239	0
-0.358743	0.313019	0
0.0384672	0.303042	0
-0.400255	-0.426376	0
-0.409983	0.326406	0
-0.260068	0.151932	0
-0.0370604	-0.559612	0
-0.0145933	0.198992	0
0.019369	0.396168	0
-0.5552	-0.44008	0
-0.362751	0.170718	0
-0.474201	0.24203	0
-0.255879	-0.61926	0
-0.393764	0.274264	0
-0.0926549	0.237502	0
0.467034	0.209611	0
-0.519531	-0.257249	0
-0.309421	0.3017	0
-0.12198	0.191393	0
-0.489418	-0.29705	0
0.566932	-0.299222	0
0.484774	0.46227	0
-0.469685	0.0573883	0
-0.115636	0.280549	0
-0.194523	0.238585	0
-0.53949	-0.171406	0
0.495048	0.507748	0
0.283987	-0.023879	0
-0.293934	0.252605	0
-0.443734	-0.520713	0
-0.323415	0.349636	0
0.480912	-0.295147	0
0.303576	0.614666	0
-0.453137	-0.43018	0
-0.510107	-0.343895	0
0.307522	0.0213687	0
0.408224	0.529745	0
-0.321699	-0.562683	0
-0.0437424	0.332268	0
-0.433681	0.0918355	0
-0.445172	0.143014	0
0.323799	-0.493636	0
-0.0715487	0.371049	0
0.312954	-0.0659455	0
-0.381373	0.414216	0
-0.488014	0.155518	0
0.428446	0.179428	0
-0.558544	-0.0867047	0
0.333991	0.0653444	0
0.523484	-0.371763	0
0.411528	-0.181139	0
0.02934	0.502847	0
0.428329	0.57069	0
-0.53408	-0.39152	0
-0.334146	0.397907	0
0.361738	-0.0615149	0
-0.261344	0.291869	0
0.487296	-0.246121	0
-0.0273427	0.381966	0
0.376613	-0.144599	0
-0.213041	0.284704	0
-0.583395	-0.188408	0
0.34406	-0.106526	0
0.310901	-0.541047	0
0.408036	-0.525671	0
0.356926	0.0223309	0
-0.0464689	0.556605	0
0.362317	0.106201	0
0.494253	-0.200998	0
0.44862	-0.215101	0
-0.518957	0.248051	0
-0.559513	-0.349544	0
-0.493345	0.291323	0
0.262589	-0.55494	0
-0.164843	0.281139	0
-0.51479	-0.0703296	0
0.0712243	0.475454	0
0.394044	0.144701	0
0.175113	-0.700395	0
0.424007	-0.135891	0
0.569364	-0.254783	0
0.30091	-0.585459	0
0.382189	-0.0185043	0
-0.289652	0.384573	0
0.495731	-0.451771	0
-0.138699	0.322687	0
-0.343635	0.490674	0
0.421843	-0.483971	0
0.602379	-0.325983	0
-0.116088	0.364587	0
-0.0664934	0.285237	0
0.295071	-0.635282	0
-0.303891	-0.60912	0
0.257101	0.634943	0
0.357358	-0.531741	0
-0.289566	-0.658212	0
-0.508173	-0.0209323	0
-0.55137	-0.221237	0
-0.0496913	0.463123	0
-0.458327	0.193285	0
-0.012084	0.479979	0
-0.159097	0.363056	0
0.404223	0.0211054	0
0.526952	-0.274419	0
-0.382427	0.511272	0
-0.199447	0.372376	0
-0.230727	0.32994	0
0.428763	0.0581838	0
-0.423855	0.488308	0
0.41044	0.100101	0
-0.00626756	0.577716	0
0.40903	-0.0568959	0
0.563876	-0.347203	0
0.43831	-0.0931165	0
-0.419679	-0.553916	0
-0.542204	0.00436282	0
-0.242402	0.379283	0
-0.5655	-0.266481	0
0.28547	0.66589	0
0.537182	-0.46376	0
-0.0800836	0.539944	0
-0.602076	-0.090301	0
-0.0901133	0.451163	0
-0.3408	0.445	0
0.480228	0.1616	0
-0.201331	0.674962	0
0.531542	0.320915	0
0.45322	-0.0533149	0
-0.56751	0.329627	0
-0.562186	0.249656	0
0.502608	-0.158545	0
0.492916	0.119152	0
0.455484	0.0918042	0
-0.625657	-0.173523	0
0.522208	0.591073	0
0.579483	0.389078	0
0.554301	0.284453	0
0.511438	-0.119403	0
-0.305057	0.473929	0
-0.177932	0.584175	0
0.599668	0.358895	0
0.460068	0.538215	0
-0.601103	-0.349763	0
0.537029	0.483659	0
0.379385	0.641628	0
0.575641	0.457232	0
0.252408	-0.654258	0
0.108934	0.577804	0
0.37687	-0.611553	0
0.353023	0.608048	0
-0.6089	-0.276598	0
-0.355243	-0.602973	0
-0.585361	0.287378	0
0.393232	-0.566622	0
0.509945	-0.493992	0
-0.566272	0.174423	0
-0.634963	-0.12826	0
0.557135	-0.391211	0
-0.509877	0.0750949	0
-0.260002	0.456328	0
0.512829	0.228985	0
-0.592095	0.403031	0
-0.506773	0.0282706	0
0.485297	-0.529222	0
-0.528434	0.165772	0
-0.346677	0.535195	0
-0.140629	0.594868	0
-0.584855	-0.311439	0
-0.545973	0.0915208	0
0.130545	0.533026	0
-0.313363	0.559931	0
-0.215356	0.63545	0
-0.0172636	0.431158	0
0.643322	-0.304931	0
-0.119525	0.521613	0
0.565341	0.420291	0
0.469517	-0.127217	0
-0.475296	-0.610587	0
-0.258371	0.416399	0
-0.419117	0.533222	0
0.0777761	0.53287	0
-0.21318	0.5952	0
0.446771	0.607666	0
0.401489	0.606567	0
-0.0998824	0.407342	0
-0.492628	0.507643	0
-0.13574	0.433956	0
0.573635	-0.211201	0
0.122609	-0.682238	0
-0.239589	0.526939	0
0.448597	-0.517014	0
-0.55917	0.480491	0
-0.500303	-0.575061	0
0.457423	0.644313	0
0.448546	0.0199992	0
0.514027	0.0487143	0
0.132	0.604179	0
0.507322	0.549973	0
0.608654	-0.23181	0
0.533347	0.395703	0
-0.610764	0.320463	0
0.537175	-0.186446	0
-0.49005	0.551939	0
-0.15243	-0.590437	0
-0.270082	-0.702886	0
0.463462	-0.0153157	0
-0.276369	0.543529	0
-0.819589	0.277346	0
-0.602741	0.24971	0
-0.417495	-0.604215	0
0.219299	-0.723744	0
0.541112	-0.0221082	0
-0.282231	0.584291	0
0.545915	0.248668	0
-0.378711	-0.635091	0
-0.543762	0.209102	0
-0.632224	0.388822	0
-0.146977	-0.639341	0
0.570996	0.161441	0
0.645675	-0.254756	0
-0.446753	0.565878	0
-0.167884	0.410887	0
0.580207	-0.430108	0
0.573657	0.549875	0
-0.641438	0.350086	0
-0.349646	0.576446	0
0.578324	-0.167386	0
0.524063	-0.0764506	0
-0.635947	-0.246201	0
0.334747	-0.624716	0
-0.517649	0.121478	0
0.610691	-0.495479	0
-0.198749	0.549793	0
-0.365388	-0.670483	0
0.426608	0.706134	0
-0.245877	0.613938	0
0.225755	0.681004	0
0.361871	0.679742	0
0.49254	-0.0393572	0
0.319966	0.693752	0
-0.735463	0.631341	0
0.347355	0.717015	0
0.433809	-0.721689	0
0.498096	0.0824581	0
-0.219689	-0.877139	0
-0.318308	0.649192	0
0.448826	-0.60559	0
0.403321	0.677229	0
0.577619	-0.477928	0
0.29399	-0.694649	0
-0.0855984	0.494314	0
0.366713	-0.657255	0
0.495305	0.00916022	0
-0.200493	0.507595	0
-0.221394	-0.694288	0
-0.391269	0.60012	0
-0.575108	-0.55607	0
-0.610687	0.179083	0
-0.65779	0.312822	0
-0.413117	0.574368	0
0.444788	0.675909	0
-0.578663	-0.0118502	0
0.546636	0.100239	0
-0.619986	-0.212342	0
-0.271231	0.50132	0
-0.889173	0.345934	0
-0.6682	0.69777	0
0.485727	0.622437	0
0.489324	0.746408	0
-0.648647	-0.280483	0
-0.588285	-0.0517109	0
0.542684	0.561593	0
-0.279541	0.632345	0
0.170141	0.606161	0
0.615946	0.227428	0
-0.575082	-0.498829	0
-0.0711186	-0.695551	0
0.44111	-0.558925	0
0.441978	-0.647671	0
0.637568	-0.357686	0
-0.108028	0.602768	0
0.413565	-0.596567	0
0.487341	-0.77784	0
-0.581291	0.104489	0
0.577939	-0.127389	0
-0.359198	0.626741	0
-0.0799885	0.627994	0
-0.603269	0.48106	0
-0.516585	-0.613542	0
-0.151636	-0.819078	0
-0.760542	-0.601095	0
0.56408	0.215593	0
-0.569886	0.529531	0
-0.628539	0.215916	0
-0.735883	0.23764	0
0.511913	0.813188	0
0.585201	0.266149	0
-0.575626	0.0270183	0
0.592173	-0.0895591	0
-0.642929	0.248398	0
-0.624469	0.43457	0
0.645978	0.588961	0
0.484062	0.665153	0
-0.656362	-0.207975	0
0.535045	-0.793357	0
0.749708	0.588642	0
0.52708	-0.538001	0
-0.692941	0.581733	0
-0.735101	0.552095	0
0.477838	-0.730667	0
-0.526709	0.520612	0
-0.604074	0.0458861	0
-0.0558355	-0.729667	0
-0.151731	0.554899	0
0.551926	-0.103747	0
0.643621	-0.21442	0
-0.65645	-0.702667	0
-0.672228	0.276323	0
-0.0784233	0.583582	0
0.536974	0.0205423	0
-0.162493	0.513533	0
-0.577181	0.066356	0
-0.170653	-0.903712	0
-0.593828	0.142067	0
0.141308	0.649599	0
-0.00872446	0.530361	0
-0.432901	0.608741	0
0.584512	0.504979	0
0.522083	0.145565	0
-0.688828	0.241118	0
-0.885155	-0.393065	0
-0.218821	0.426734	0
-0.0757531	-0.973997	0
-0.0231817	-0.693725	0
-0.362692	0.682825	0
-0.669421	0.377418	0
0.222909	-0.766726	0
0.0270112	0.596279	0
-0.660476	-0.636345	0
0.0148293	-0.715462	0
0.275475	0.712961	0
0.641172	0.446919	0
-0.277783	0.679406	0
0.526577	0.640341	0
0.573825	-0.52676	0
0.578161	0.0182748	0
-0.646208	-0.0929085	0
-0.873597	-0.273131	0
0.62489	-0.410584	0
0.601388	0.12596	0
0.586746	0.319989	0
-0.61515	0.115306	0
-0.0580722	-0.654263	0
0.614547	0.621279	0
-0.757162	-0.107148	0
-0.655009	0.183767	0
0.787821	0.549921	0
0.527305	-0.59194	0
-0.242272	0.658184	0
-0.266342	0.786526	0
-0.47729	0.600987	0
0.635303	0.495224	0
-0.911799	0.257902	0
0.667192	-0.397327	0
0.161102	-0.826444	0
-0.612363	-0.0244958	0
-0.567721	-0.609668	0
-0.410768	-0.660496	0
-0.768781	0.113929	0
-0.402612	0.646126	0
0.509366	-0.641661	0
-0.670895	-0.163391	0
-0.31468	0.872539	0
-0.612234	-0.581637	0
-0.189951	0.713403	0
0.123569	-0.851218	0
-0.705472	0.303665	0
0.857774	0.296481	0
0.0475019	-0.624038	0
0.373352	0.41126	0
-0.947547	-0.212221	0
0.195482	0.945581	0
-0.0256633	-0.505312	0
0.45304	0.369704	0
-0.056319	-0.470249	0
-0.0784692	-0.570745	0
0.400574	0.367308	0
0.954599	0.0415756	0
-0.702824	0.665686	0
0.93395	0.251952	0
0.14573	0.938688	0
-0.893012	-0.11564	0
-0.0686118	-0.522754	0
0.551963	-0.55984	0
-0.848197	0.351976	0
0.627096	0.284815	0
-0.450633	-0.645625	0
-0.877854	0.0678432	0
0.0273677	-0.677036	0
-0.572157	-0.652484	0
-0.631523	-0.734291	0
0.63248	0.72333	0
0.860802	0.379665	0
-0.887126	-0.240045	0
-0.539289	-0.642607	0
0.632276	0.381026	0
0.47085	-0.848815	0
0.852205	0.435782	0
0.301331	0.378369	0
0.151007	0.394145	0
-0.487469	0.37764	0
-0.782775	-0.147681	0
0.00839609	-0.59119	0
-0.464341	0.417038	0
0.116896	0.3573	0
0.0371532	-0.811166	0
-0.0136286	-0.459349	0
0.179665	0.722497	0
0.884187	-0.192819	0
-0.175686	-0.859147	0
0.0220281	0.964515	0
0.172344	0.901248	0
-0.379141	-0.0298705	0
0.423205	0.328984	0
0.158477	-0.785616	0
0.331324	0.440588	0
0.596041	0.195157	0
0.108086	0.666312	0
0.657033	0.20692	0
0.652979	-0.441333	0
-0.184459	0.854937	0
0.152477	0.302327	0
0.32769	0.399346	0
-0.975544	-0.015442	0
-0.181373	0.941825	0
-0.274061	-0.106681	0
0.289272	0.450315	0
-0.256313	0.929251	0
-0.808735	-0.0990242	0
-0.355938	-0.0733397	0
0.104364	0.843292	0
0.777565	0.4789	0
0.218526	0.899495	0
0.284228	0.292578	0
-0.328179	-0.030658	0
-0.0365184	-0.904397	0
-0.125921	-0.431353	0
-0.117983	-0.963283	0
-0.348596	-0.144724	0
0.0204137	-0.377848	0
0.165144	-0.913673	0
-0.284162	-0.0116656	0
-0.122053	-0.924314	0
0.00596478	-0.979993	0
-0.21833	0.947765	0
-0.293209	-0.0660424	0
0.329344	0.300602	0
0.764871	0.414925	0
-0.076864	0.960395	0
0.822252	0.495404	0
-0.0551254	0.90226	0
0.875688	0.266759	0
-0.152472	-0.484217	0
-0.911357	0.207967	0
-0.0342424	-0.356681	0
-0.248533	-0.131941	0
-0.96379	-0.0620342	0
-0.209757	-0.0777966	0
0.0516934	-0.966187	0
0.18963	0.317057	0
-0.301155	-0.140839	0
-0.0767197	-0.939585	0
-0.888822	0.0181949	0
-0.127817	0.957003	0
0.70825	0.514164	0
-0.909182	-0.0703836	0
-0.00329238	0.914181	0
0.140929	-0.944064	0
-0.102772	0.920721	0
0.976094	0.100049	0
0.713542	0.434541	0
-0.867238	0.275695	0
-0.0702065	-0.341932	0
0.213576	0.293903	0
0.190269	0.407844	0
-0.928277	-0.0239428	0
-0.112461	-0.579557	0
0.0108626	-0.932463	0
0.0550516	0.924269	0
0.167197	-0.951197	0
0.986132	-0.0180064	0
0.949278	-0.0999556	0
-0.969195	0.063256	0
0.0777438	0.976346	0
-0.129504	-0.29354	0
-0.0386338	-0.958476	0
0.974547	-0.0546773	0
0.0577903	-0.926155	0
0.954612	-0.0115236	0
0.975276	0.0102596	0
0.963799	-0.131927	0
0.364664	-0.899785	0
0.106135	0.950822	0
-0.9222	0.0665995	0
-0.984078	0.0237158	0
0.00920965	-0.285158	0
0.910563	0.0545674	0
-0.949871	0.0220811	0
0.243932	-0.852645	0
-0.000752816	-0.891248	0
0.93195	0.0942685	0
-0.0574751	-0.258512	0
0.116013	0.901315	0
-0.0837439	-0.901759	0
0.874367	-0.071705	0
0.129769	-0.904827	0
0.194643	-0.895099	0
0.163685	-0.875579	0
0.824468	-0.0255271	0
0.857141	-0.10417	0
