1047
0.284859	0.197275	0
0.3465
9215
0.572095	0.368125	0
0.6803
16730
0.200582	0.402376	0
0.4496
9359
-0.0322196	0.61726	0
0.6181
6535
0.188599	-0.180709	0
0.2612
3115
-0.189337	-0.426459	0
0.4666
1786
-0.010406	-0.217751	0
0.218
17859
0.135479	0.32824	0
0.3551
17788
0.0739478	-0.367535	0
0.3749
18703
-0.118374	0.373071	0
0.3914
14986
-0.0433646	-0.169336	0
0.1748
5892
-0.0117768	0.0514699	0
0.0528
10317
0.509344	-0.126012	0
0.5247
15216
0.650429	0.592593	0
0.8799
19083
-0.491114	0.625801	0
0.7955
